PRODUCT MATRIX::
1	2	3	4	
5	6	7	8	
9	10	11	12	
13	14	15	16	

-------------------------------------------------------------------------------------------------------------------------
PRODUCT MATRIX::
90	100	110	120	
202	228	254	280	
314	356	398	440	
426	484	542	600	

-------------------------------------------------------------------------------------------------------------------------
PRODUCT MATRIX::
21	14	20	15	
38	30	46	28	
29	23	29	18	
47	51	47	35	

-------------------------------------------------------------------------------------------------------------------------
